times: 0
20 5 5 14
39 39 58 30 9 7 39 56 39 24 31 4 1 3 18 28 39 25 13 39 
57 19 43 11 52 
11 60 17 39 22 
27 31 43 16 22 55 18 30 30 2 43 33 48 50 
times: 1
7 13 5 15
37 10 12 21 4 36 37 
25 50 60 7 39 49 36 38 13 54 38 29 40 
38 41 37 54 17 
54 37 51 28 58 50 39 25 4 17 43 12 57 33 9 
times: 2
20 3 11 5
1 54 30 45 43 50 24 35 48 58 15 56 15 25 10 7 48 40 32 27 
27 49 32 
45 18 10 22 4 1 29 28 10 18 56 
29 19 54 9 37 
times: 3
19 18 18 8
30 57 57 44 10 5 46 11 43 12 49 13 27 12 1 21 6 5 19 
15 25 2 36 34 52 37 33 38 57 11 36 58 53 45 46 21 37 
2 6 17 4 23 41 12 50 7 27 8 53 42 2 38 59 32 46 
31 50 41 26 57 27 20 46 
times: 4
11 1 17 20
33 50 47 56 49 28 9 60 4 56 7 
51 
46 33 54 11 8 7 4 20 47 21 23 9 51 42 18 58 5 
28 7 25 56 39 26 24 58 38 31 10 29 2 3 29 26 9 24 40 3 
times: 5
16 1 2 9
5 2 26 3 5 47 47 54 53 53 16 35 60 3 51 24 
56 
51 23 
47 3 17 14 19 6 42 35 55 
times: 6
3 17 2 10
59 7 32 
57 47 39 38 41 24 40 43 6 29 4 55 41 37 15 2 26 
23 25 
35 9 53 52 21 4 7 11 28 3 
times: 7
5 10 11 16
25 6 26 25 29 
16 18 36 22 58 60 39 38 17 9 
21 39 14 28 4 18 30 26 26 57 46 
44 49 1 14 39 1 54 23 29 29 38 56 3 35 9 49 
times: 8
9 18 8 7
21 59 56 37 12 57 17 46 17 
1 50 28 10 46 26 49 15 21 30 54 52 37 34 45 32 30 41 
26 45 3 46 28 6 40 38 
41 17 36 53 47 6 8 
times: 9
12 19 2 16
58 17 25 48 45 41 28 36 41 55 25 52 
48 39 9 48 58 27 22 10 43 57 24 31 39 55 47 4 21 58 37 
27 31 
53 57 53 17 19 12 55 37 57 35 59 25 11 40 58 50 
times: 10
1 18 14 3
2 
36 51 8 4 49 14 12 11 37 11 16 55 43 7 19 26 20 47 
16 38 44 33 4 9 36 24 4 47 43 9 7 18 
23 26 52 
times: 11
20 2 4 17
43 49 34 15 8 4 51 23 50 59 57 13 16 22 23 15 54 17 41 51 
6 56 
43 50 39 35 
5 39 40 34 37 50 46 40 57 4 32 11 20 2 59 27 1 
times: 12
7 5 2 16
26 9 29 35 5 21 42 
19 31 42 30 19 
40 40 
38 15 10 36 12 7 19 39 39 43 54 20 20 28 2 31 
times: 13
5 18 4 7
47 15 15 25 7 
10 49 51 29 10 40 17 46 22 4 60 45 46 54 15 38 56 3 
14 27 42 3 
2 11 14 19 58 51 49 
times: 14
16 10 8 8
10 26 7 36 36 27 57 14 35 28 29 12 38 3 58 51 
56 36 15 52 7 34 55 5 60 54 
45 6 14 53 23 15 4 1 
12 36 37 12 28 46 54 59 
times: 15
10 10 8 6
3 13 51 38 17 7 4 1 40 16 
13 39 31 47 54 21 54 6 1 26 
24 26 13 54 47 24 9 34 
43 47 1 48 39 2 
times: 16
2 20 14 6
34 19 
13 57 30 32 16 15 22 3 48 44 4 4 46 21 59 42 29 10 36 33 
54 44 22 32 31 27 16 60 32 50 57 38 31 10 
11 20 16 58 50 37 
times: 17
8 2 10 11
41 57 23 55 34 14 50 20 
24 55 
60 33 46 44 42 52 6 48 1 36 
50 22 34 30 15 59 5 16 7 42 22 
times: 18
9 13 9 14
60 21 8 45 7 12 47 37 34 
58 41 47 41 44 23 32 18 56 60 8 16 4 
30 42 35 11 34 30 14 5 31 
58 20 39 38 17 34 33 45 47 27 15 25 46 15 
times: 19
14 18 16 2
30 52 6 37 40 38 6 7 41 34 55 32 24 40 
44 35 26 6 44 13 38 58 6 57 14 58 26 11 45 24 49 16 
58 55 19 25 50 56 60 56 55 47 58 40 4 52 59 30 
38 6 
times: 20
19 15 7 12
19 38 51 58 44 21 28 45 54 17 21 50 16 56 13 48 18 51 20 
28 32 35 27 38 58 32 33 57 8 37 3 46 37 8 
7 30 52 45 38 32 15 
9 21 39 20 45 51 38 58 25 42 23 1 
times: 21
19 6 8 13
27 57 59 56 19 56 17 45 44 20 35 22 18 8 43 17 7 1 49 
18 47 52 6 38 24 
6 1 6 51 20 31 36 30 
43 16 22 25 10 42 22 8 25 19 21 37 13 
times: 22
12 6 7 3
55 43 53 25 18 31 17 31 51 56 39 20 
55 41 26 23 45 29 
4 49 42 6 8 52 51 
29 51 41 
times: 23
20 13 8 12
54 58 7 11 24 43 47 35 13 14 19 12 17 59 4 10 30 36 43 57 
14 37 15 7 58 54 44 24 4 5 13 3 48 
15 23 52 46 22 22 41 53 
10 1 60 18 41 29 52 54 20 50 9 16 
times: 24
4 12 19 3
36 48 33 19 
25 45 60 47 4 7 13 5 24 53 3 25 
21 31 28 35 35 10 41 52 23 52 58 26 19 49 54 46 6 3 20 
42 31 30 
times: 25
11 6 18 15
42 49 38 31 21 57 33 54 44 50 40 
55 51 31 3 46 55 
38 24 52 8 43 8 37 34 38 36 20 13 22 31 28 2 39 39 
56 21 40 50 43 49 48 50 14 6 29 4 51 43 16 
times: 26
2 2 16 18
40 18 
28 27 
48 60 41 59 51 37 42 37 40 33 24 4 41 55 57 1 
43 21 60 6 1 54 9 49 27 30 47 30 2 16 51 39 23 23 
times: 27
19 7 5 2
30 37 49 34 21 59 30 54 24 4 40 4 47 56 28 51 59 19 42 
54 38 27 55 25 42 8 
11 55 6 60 33 
60 59 
times: 28
13 10 10 14
12 50 1 49 36 8 41 47 12 16 53 8 48 
3 5 45 19 50 22 36 43 9 26 
6 16 33 48 6 8 17 51 40 5 
51 42 17 45 24 22 48 15 3 19 8 38 8 14 
times: 29
19 8 16 9
34 42 51 44 13 60 39 57 43 55 37 39 52 58 39 11 48 9 55 
31 38 31 35 60 5 56 56 
47 31 56 42 17 40 27 4 18 18 46 60 24 54 11 11 
21 20 4 23 54 47 26 26 37 
times: 30
4 19 11 13
51 1 53 59 
19 34 9 42 59 55 4 28 21 14 53 60 48 14 12 60 18 49 51 
4 11 37 53 32 27 9 41 56 7 17 
8 2 13 30 6 45 58 27 24 17 59 43 55 
times: 31
20 5 7 19
19 57 50 54 60 2 22 29 4 38 21 25 28 16 53 23 27 23 30 37 
9 41 42 23 43 
50 32 14 47 15 54 58 
9 20 60 28 54 12 40 48 47 25 11 48 8 29 35 32 28 52 33 
times: 32
17 4 2 2
50 37 43 40 2 19 54 54 45 40 4 22 1 51 10 21 48 
5 25 54 39 
30 7 
35 38 
times: 33
12 5 1 1
23 60 17 37 18 38 51 10 31 25 20 32 
3 52 13 24 5 
42 
53 
times: 34
8 18 13 9
21 6 42 6 59 49 10 46 
51 37 4 20 12 15 11 49 9 45 56 21 13 55 22 30 15 40 
5 27 51 35 8 54 27 54 25 50 35 44 12 
16 27 40 13 57 55 36 18 29 
times: 35
18 8 4 20
48 29 5 26 20 59 42 23 16 28 42 39 20 6 23 28 43 25 
15 56 13 38 28 3 56 21 
59 28 29 3 
39 28 10 32 56 55 17 3 38 39 6 25 14 51 2 38 23 25 10 57 
times: 36
10 4 6 14
40 54 34 17 59 27 8 8 17 3 
54 29 59 41 
37 57 42 46 8 26 
5 9 13 56 38 3 25 49 17 15 39 47 44 17 
times: 37
18 14 19 16
33 48 41 57 24 49 9 53 24 2 6 7 7 40 56 42 56 23 
38 41 15 23 14 24 50 45 50 45 40 11 33 28 
30 35 45 14 10 18 56 31 16 26 15 26 9 58 30 13 38 35 39 
24 4 58 43 40 3 47 27 21 46 27 5 17 39 31 10 
times: 38
3 6 13 14
9 9 57 
58 30 38 43 54 32 
24 16 40 8 29 5 23 58 9 43 45 41 1 
10 31 19 57 35 56 17 15 50 46 59 13 45 38 
times: 39
7 1 14 11
46 16 31 54 40 49 45 
20 
33 52 34 15 19 57 60 25 1 35 14 14 35 10 
56 32 5 4 24 34 11 43 39 12 51 
times: 40
17 18 9 14
8 42 58 9 24 31 8 1 19 31 34 40 15 38 32 10 48 
3 41 43 24 10 44 26 13 15 15 51 60 51 12 60 57 1 2 
36 59 48 14 18 15 13 49 15 
35 12 17 53 19 34 32 3 26 23 51 26 57 58 
times: 41
15 9 5 4
22 15 23 42 40 6 27 52 36 1 20 44 55 54 34 
9 20 27 30 46 34 26 46 46 
44 28 33 7 11 
13 56 12 50 
times: 42
8 11 20 11
47 35 14 7 6 11 7 43 
19 26 60 37 44 22 51 30 23 34 47 
25 46 44 26 34 12 15 37 27 6 6 25 47 3 8 20 40 46 45 18 
53 60 28 30 32 15 32 12 42 15 25 
times: 43
19 2 8 1
33 41 37 57 29 36 42 53 12 9 11 3 33 10 29 10 3 39 48 
32 58 
56 23 53 60 1 45 36 20 
14 
times: 44
5 11 5 8
11 56 53 46 1 
50 31 50 20 3 1 6 43 27 7 54 
57 9 44 40 8 
29 12 7 35 46 27 52 39 
times: 45
10 18 2 16
59 46 23 42 6 25 20 7 54 25 
30 32 23 13 37 54 14 10 28 47 1 25 33 10 32 34 37 26 
17 13 
59 36 51 16 36 42 45 46 59 4 40 7 59 47 49 48 
times: 46
16 19 13 6
55 14 45 4 58 59 29 15 15 46 30 18 13 42 43 16 
17 14 17 39 35 20 10 20 58 42 13 23 41 51 21 29 27 57 24 
23 17 56 3 37 46 37 13 21 40 23 7 4 
35 47 22 24 26 57 
times: 47
5 15 15 19
59 52 25 37 23 
49 46 46 50 60 27 3 49 51 55 18 42 38 48 60 
41 52 57 41 30 44 58 35 47 14 10 10 28 47 13 
40 44 19 48 17 32 13 21 9 2 33 11 28 24 11 22 21 57 7 
times: 48
12 6 16 14
16 29 25 21 10 9 22 54 43 55 31 41 
26 60 3 29 17 25 
58 15 32 58 45 51 48 60 38 60 7 14 32 13 40 6 
59 46 47 58 25 50 2 36 53 24 9 59 12 16 
times: 49
8 14 10 17
38 28 4 58 38 46 25 10 
57 15 57 2 60 60 60 8 32 40 33 10 35 56 
44 51 27 16 42 59 42 34 7 23 
37 50 29 34 40 45 15 19 2 57 26 10 21 20 48 17 30 
times: 50
19 7 1 4
12 49 32 30 16 18 43 44 54 33 32 15 21 22 9 48 55 28 5 
20 23 25 45 17 45 44 
39 
36 7 9 1 
times: 51
17 2 4 5
4 28 42 6 43 11 4 21 30 26 12 42 10 28 54 16 39 
59 20 
17 52 35 53 
6 53 4 60 40 
times: 52
4 1 5 19
30 9 49 5 
19 
55 10 46 44 51 
13 46 27 4 16 19 22 55 34 30 4 29 52 11 4 50 32 35 19 
times: 53
17 2 14 13
20 57 19 43 32 8 38 34 35 48 41 5 17 41 35 17 38 
1 33 
56 45 9 8 53 13 48 51 4 9 33 41 15 4 
54 29 53 25 56 44 43 54 8 43 32 14 39 
times: 54
18 7 17 1
5 13 1 18 50 17 6 30 19 58 4 42 28 44 50 15 34 56 
8 30 34 11 44 58 2 
57 59 59 29 31 29 37 33 22 56 51 38 15 50 55 19 6 
3 
times: 55
18 9 12 15
18 21 59 33 1 16 58 7 54 12 40 56 16 54 45 49 1 7 
53 6 25 54 4 8 23 34 53 
7 2 46 21 21 5 47 22 15 7 2 23 
60 48 47 4 41 31 12 35 27 33 21 43 58 38 9 
times: 56
3 10 15 7
39 44 7 
25 50 33 16 56 26 41 16 22 55 
35 36 31 34 7 32 27 47 30 23 43 26 34 53 34 
50 45 4 4 23 9 7 
times: 57
11 3 6 15
56 5 19 48 50 51 39 10 41 59 5 
57 18 45 
7 25 15 46 54 23 
59 37 21 3 10 6 15 49 50 22 45 7 60 39 1 
times: 58
7 7 13 7
53 34 23 46 45 38 11 
40 51 57 56 19 17 58 
29 43 50 33 39 60 34 49 12 31 6 24 3 
36 11 7 32 29 10 42 
times: 59
19 9 6 5
10 34 10 16 34 15 6 59 55 40 36 27 58 45 31 45 52 30 13 
28 34 35 44 3 45 39 26 42 
32 43 45 17 9 16 
15 6 37 54 41 
times: 60
5 12 20 19
33 60 31 25 7 
41 6 56 54 49 58 26 47 40 24 54 44 
19 25 19 14 45 11 5 14 54 56 53 35 44 4 42 11 59 18 22 2 
25 2 5 29 45 3 32 37 52 37 42 46 27 3 37 18 36 39 57 
times: 61
15 12 15 6
45 29 25 35 52 46 36 6 51 36 43 4 17 33 44 
12 6 8 2 6 10 60 5 1 32 49 24 
33 42 24 26 26 58 2 54 50 31 44 16 22 37 8 
49 5 30 28 40 40 
times: 62
11 20 4 12
35 53 47 4 22 41 31 57 9 33 30 
56 12 16 28 47 57 22 29 51 11 58 35 40 17 15 45 57 48 52 60 
38 9 3 47 
31 8 60 6 10 14 46 24 8 23 41 49 
times: 63
8 7 3 15
15 23 18 35 54 43 53 12 
7 15 10 41 8 36 56 
45 35 10 
25 26 40 2 5 50 1 31 50 33 21 52 42 40 21 
times: 64
1 20 17 6
17 
45 59 4 56 32 37 5 25 21 57 57 12 38 34 36 6 12 14 8 5 
15 13 3 10 3 17 42 51 10 26 1 38 55 56 9 28 40 
23 25 25 17 31 47 
times: 65
4 13 3 18
9 21 39 27 
17 57 27 56 37 33 25 19 36 56 52 7 51 
29 33 12 
44 29 32 2 39 32 27 40 13 30 40 58 38 10 46 53 39 53 
times: 66
9 19 6 10
2 50 27 50 18 23 13 20 11 
40 7 1 16 58 30 59 53 42 20 6 32 5 33 56 24 16 23 31 
26 15 8 8 31 21 
22 25 13 58 13 22 8 14 37 9 
times: 67
19 14 13 12
53 21 24 51 36 36 56 50 20 42 53 22 31 10 48 10 32 51 41 
47 55 54 55 33 7 53 18 53 59 45 45 2 39 
48 8 27 47 12 60 22 16 29 35 52 22 12 
3 24 46 42 11 18 27 41 57 55 46 29 
times: 68
14 19 9 20
12 58 58 39 24 3 4 47 28 39 4 3 11 44 
58 39 5 40 60 22 58 10 5 46 9 14 37 36 37 46 41 4 47 
2 16 52 52 1 13 8 12 49 
56 48 5 12 54 3 57 60 11 29 25 11 26 45 55 50 28 34 18 22 
times: 69
3 16 19 20
41 41 51 
8 49 52 7 3 26 2 3 6 17 53 59 13 21 11 4 
13 8 52 39 24 31 9 21 29 4 40 3 51 1 40 50 16 7 31 
59 43 22 30 54 13 52 16 46 51 12 34 29 22 7 41 29 60 41 20 
times: 70
20 7 3 1
55 29 41 25 11 15 6 44 19 5 40 60 38 8 41 17 57 19 32 27 
39 55 60 8 35 50 11 
39 58 51 
25 
times: 71
9 4 9 3
19 51 49 5 46 23 5 30 25 
11 19 36 19 
1 38 14 5 43 29 42 47 7 
24 44 52 
times: 72
10 8 5 14
22 33 58 17 55 38 28 46 58 14 
5 32 18 1 30 14 30 17 
21 8 3 10 37 
1 39 10 59 32 5 34 2 24 2 11 17 44 4 
times: 73
3 20 18 4
7 52 37 
38 56 12 36 39 50 35 56 34 59 59 31 6 57 45 14 26 45 38 23 
56 2 5 32 18 35 41 35 44 36 43 60 11 18 25 51 37 1 
8 51 6 23 
times: 74
15 16 14 5
49 23 19 49 22 56 34 1 16 8 36 17 42 9 10 
41 15 23 47 42 14 58 30 5 40 37 51 22 58 15 41 
39 54 4 60 2 16 50 42 12 20 38 48 34 50 
49 27 24 29 24 
times: 75
8 13 8 6
21 54 42 25 37 31 5 10 
24 43 40 4 26 36 31 6 54 15 10 34 3 
21 59 41 13 17 48 24 5 
6 12 15 39 6 34 
times: 76
9 19 18 2
54 22 44 4 35 48 58 29 27 
37 58 9 23 21 58 24 11 19 5 24 10 56 46 18 47 36 24 5 
25 49 18 43 45 8 35 26 12 50 21 13 53 42 13 5 16 6 
27 37 
times: 77
2 1 17 15
7 46 
26 
26 27 24 8 57 19 38 54 2 31 56 19 38 60 27 4 25 
23 41 47 29 17 33 40 19 15 17 20 34 20 37 51 
times: 78
11 16 16 6
48 55 18 6 33 44 35 18 7 31 34 
6 21 49 44 60 44 32 12 23 19 56 23 9 51 12 18 
47 46 50 2 59 11 27 17 3 11 34 47 2 42 55 46 
7 2 33 3 5 26 
times: 79
7 16 17 15
23 36 45 13 51 37 5 
22 3 28 60 17 31 13 30 17 18 47 60 3 4 38 28 
16 27 60 10 60 49 10 46 53 55 41 50 53 21 45 25 51 
2 36 49 42 18 49 53 1 11 37 5 47 31 31 19 
times: 80
8 14 4 7
3 42 45 13 27 18 32 44 
34 47 27 21 38 43 26 58 11 27 57 26 38 59 
18 50 57 59 
23 46 23 17 58 12 47 
times: 81
2 20 13 11
22 44 
45 20 56 43 8 35 55 31 33 12 49 38 45 11 36 11 38 27 48 55 
6 59 35 17 8 27 38 10 25 6 53 1 18 
42 19 22 34 52 55 45 14 18 55 32 
times: 82
6 20 7 17
27 56 30 3 20 18 
34 58 9 55 53 13 6 47 46 18 3 23 37 38 29 26 4 25 54 56 
18 24 38 31 7 44 32 
34 17 47 12 30 9 29 11 53 26 42 5 23 23 42 24 53 
times: 83
7 10 17 8
7 43 16 43 20 4 53 
27 37 35 54 41 29 37 24 50 1 
28 12 29 59 9 17 45 36 52 15 23 14 24 8 50 15 40 
36 1 52 10 58 44 50 51 
times: 84
7 8 17 20
21 59 40 58 50 49 19 
34 4 35 19 6 34 7 22 
56 33 8 19 22 29 34 16 40 20 6 32 6 60 29 40 52 
3 54 40 16 43 5 3 58 14 12 43 14 18 14 1 58 3 54 31 24 
times: 85
11 8 3 16
46 56 59 28 16 7 15 48 51 43 48 
33 22 54 6 23 32 51 48 
37 14 12 
34 19 50 34 21 16 10 48 51 2 11 9 45 9 49 37 
times: 86
4 8 20 8
13 36 25 28 
45 35 23 8 45 48 11 5 
16 32 9 47 37 13 58 52 59 19 29 17 43 31 59 6 57 23 42 12 
7 12 18 38 60 50 14 33 
times: 87
4 17 11 3
11 48 39 47 
27 47 43 23 41 50 12 49 38 55 22 7 2 35 33 41 32 
15 35 9 51 57 16 34 16 35 48 29 
33 12 4 
times: 88
2 5 9 5
18 56 
38 40 47 54 58 
14 59 33 24 11 18 9 12 40 
23 44 56 32 51 
times: 89
16 1 2 8
57 36 21 9 27 41 53 42 33 55 50 6 49 60 41 59 
5 
9 14 
57 32 59 57 56 55 30 25 
times: 90
7 12 16 12
18 7 15 31 25 28 31 
36 30 29 4 16 44 21 20 47 24 26 43 
9 56 47 54 44 32 51 58 49 44 24 28 34 24 2 52 
41 28 2 49 49 33 56 30 12 44 43 32 
times: 91
3 14 17 18
25 36 31 
32 13 9 23 32 47 45 58 15 38 38 11 35 30 
6 32 29 42 28 38 4 16 6 16 31 22 45 3 3 33 46 
6 21 42 57 14 29 42 52 39 4 39 4 50 32 48 18 10 5 
times: 92
4 15 20 15
29 35 13 1 
9 49 18 21 7 51 54 35 27 11 54 10 41 60 60 
24 41 57 36 6 42 14 5 24 51 8 49 21 20 48 26 35 48 47 41 
57 49 40 56 44 25 29 1 48 56 3 45 11 16 45 
times: 93
2 11 17 7
53 51 
45 55 42 46 22 32 1 27 27 48 21 
53 51 7 48 7 56 60 46 28 16 52 50 18 42 16 28 52 
14 60 12 29 19 52 50 
times: 94
3 5 1 3
16 34 21 
2 56 10 27 16 
43 
26 27 13 
times: 95
12 8 10 18
56 8 30 43 36 45 36 4 27 8 50 5 
40 60 40 11 50 45 21 54 
36 42 2 9 17 21 52 6 1 54 
26 8 27 48 21 34 40 28 28 18 30 33 36 34 45 53 30 4 
times: 96
12 1 14 18
52 32 29 5 53 9 27 46 17 51 33 54 
30 
7 54 60 31 7 29 26 14 38 52 36 21 46 7 
27 26 15 12 54 29 30 4 46 43 28 49 36 43 2 51 44 35 
times: 97
14 15 10 15
8 23 6 27 20 38 60 24 19 28 1 25 44 52 
15 8 4 38 9 58 42 19 53 12 33 56 26 29 35 
59 15 53 36 33 24 55 4 30 17 
17 22 44 53 55 50 56 32 11 7 44 5 23 41 3 
times: 98
17 13 6 7
8 32 53 51 50 55 26 21 39 7 27 23 13 12 50 55 2 
44 19 19 14 11 1 13 60 51 21 13 53 44 
2 18 20 23 2 37 
49 32 8 48 40 36 49 
times: 99
19 3 4 13
39 47 2 28 43 37 21 31 44 4 14 48 23 49 1 7 43 13 10 
55 4 48 
12 22 10 51 
52 32 1 14 12 55 53 55 22 39 21 42 24 
