9
6 6 10
2 4 5
1 5 5
2 1 2
1 5 5
2 5 6
1 4 4
1 5 5
1 1 3
1 5 5
1 5 5
88 88 91
1 40 50
2 29 57
1 71 73
1 8 61
1 2 51
2 46 82
1 48 88
1 8 41
2 61 65
2 7 53
1 41 46
2 4 54
2 22 73
1 78 84
1 69 85
2 38 63
1 32 86
2 60 68
1 44 84
1 46 55
2 35 85
1 62 82
2 54 56
1 17 31
2 38 73
2 56 65
1 6 26
2 69 84
2 18 88
2 36 46
2 23 67
1 74 75
2 31 81
1 24 43
2 33 82
1 57 64
1 83 84
1 31 53
1 55 83
1 54 86
2 12 75
2 11 61
1 61 76
2 2 17
2 36 41
2 66 69
2 60 78
1 18 63
2 19 81
2 47 79
2 52 52
1 64 81
1 67 84
1 73 79
1 62 70
1 82 88
2 59 87
1 36 56
2 61 87
1 38 78
1 13 51
1 39 63
1 35 47
1 65 87
2 65 79
1 51 81
2 21 50
2 16 57
1 1 52
2 12 56
2 17 60
2 7 86
2 9 86
2 83 86
1 13 51
2 60 68
1 17 35
1 42 78
1 19 27
1 62 88
2 4 19
2 41 87
1 70 81
2 67 87
1 42 80
1 53 88
1 60 76
2 64 81
2 39 44
1 18 36
1 14 48
97 8 46
1 28 94
2 36 51
2 71 79
1 65 89
2 50 96
1 53 62
2 55 61
2 76 78
2 69 76
2 15 68
2 34 72
1 26 68
1 12 92
2 94 97
2 35 72
2 76 78
1 75 83
1 46 47
2 20 56
1 91 93
2 5 21
1 94 95
2 93 97
2 84 85
1 20 66
1 2 37
1 32 32
2 94 95
2 81 92
1 72 74
2 49 97
2 81 83
2 75 76
2 7 17
2 6 57
2 29 48
2 23 86
1 35 80
2 67 73
2 36 43
1 71 88
2 17 26
2 48 96
2 35 72
1 31 40
1 9 84
35 5 31
1 1 17
1 24 32
1 24 32
2 15 22
1 26 27
2 2 33
2 19 30
1 5 6
2 27 31
1 24 27
2 9 19
1 21 22
2 7 15
2 21 23
1 21 26
1 3 15
1 23 24
1 34 34
1 9 26
1 4 24
2 28 30
1 15 33
2 7 31
1 25 35
1 2 25
1 14 29
2 4 22
2 20 33
1 6 17
2 31 31
2 6 24
17 17 56
2 2 6
2 7 7
1 12 16
1 8 12
1 15 17
1 15 16
1 10 12
2 12 13
2 4 16
2 6 15
2 16 17
1 15 15
1 12 17
2 14 16
1 12 16
1 6 11
2 13 15
1 4 15
1 13 16
1 1 14
1 9 14
2 3 6
1 13 17
2 17 17
2 7 16
2 9 12
1 6 6
1 3 14
1 15 15
2 17 17
2 16 17
2 7 14
2 5 9
2 15 17
2 4 6
2 10 12
2 5 12
1 9 9
1 8 16
1 10 14
2 13 16
2 14 14
1 12 13
2 7 8
1 12 13
2 13 17
2 17 17
2 3 16
2 6 6
2 16 16
1 10 12
2 15 15
1 13 16
1 15 16
1 3 8
2 14 16
100 5 9
1 4 48
2 13 74
1 67 77
2 68 91
1 28 83
1 77 96
1 59 82
2 80 96
2 11 71
77 27 85
1 23 54
1 55 65
1 76 77
1 72 73
2 37 38
1 1 24
2 57 58
1 50 55
2 56 67
2 39 73
1 63 67
1 52 52
2 74 76
1 4 4
1 69 76
1 68 72
1 13 65
2 71 76
2 32 69
2 34 44
2 23 73
1 11 33
2 67 70
1 13 21
2 22 31
1 29 31
1 56 75
1 4 70
1 67 73
1 36 43
1 77 77
2 33 41
2 51 65
2 74 77
2 75 75
2 4 59
2 1 3
1 14 57
1 61 70
2 60 60
1 63 63
2 5 35
2 63 66
2 62 67
2 11 46
1 64 72
1 70 70
1 35 40
2 43 54
2 2 41
2 77 77
2 59 60
2 39 52
1 68 75
2 69 75
1 49 58
2 16 64
2 45 45
2 55 73
1 21 33
1 19 63
1 61 67
1 59 63
1 57 77
1 29 32
1 1 75
1 63 73
2 46 72
1 34 77
2 17 45
2 67 70
2 68 77
1 41 41
1 2 52
2 54 77
2 38 70
2 4 73
2 9 9
2 3 26
2 61 64
2 20 55
2 76 77
1 57 70
2 45 61
1 70 76
60 40 99
1 43 47
2 45 53
1 42 44
1 45 57
1 31 32
2 25 30
1 15 42
2 54 56
1 39 41
1 47 49
1 38 57
2 60 60
2 11 53
2 11 29
1 22 59
2 27 58
1 55 60
1 38 46
2 26 29
1 55 60
1 59 59
2 59 59
1 23 44
2 25 34
2 9 48
2 3 28
2 33 54
2 27 35
2 49 52
2 23 26
2 34 34
1 9 22
2 45 49
2 45 45
1 7 23
1 19 29
2 58 60
2 58 58
1 39 47
2 50 59
1 17 23
1 59 59
2 30 41
2 32 45
1 31 37
2 47 47
2 32 37
1 39 59
2 18 32
1 15 44
1 29 44
1 6 43
2 57 58
2 52 52
1 15 53
1 11 60
2 12 13
1 8 47
1 34 44
2 29 39
1 47 47
1 42 43
1 29 58
2 59 59
2 51 56
2 47 54
2 51 51
1 55 56
2 26 45
1 3 15
2 27 57
1 55 57
1 56 58
1 20 35
2 58 60
2 47 47
2 27 33
1 25 29
2 3 37
1 55 56
2 2 11
2 9 59
1 24 60
1 8 38
2 51 59
1 58 59
1 44 59
2 25 27
2 46 58
1 20 34
2 4 5
1 58 60
2 8 21
1 17 58
1 39 43
2 20 38
2 32 40
2 16 18
1 13 23
15 13 83
2 11 13
2 1 14
1 5 10
2 8 12
1 10 14
1 15 15
2 12 13
1 1 1
2 9 9
1 14 15
2 10 15
2 7 11
2 4 10
1 2 4
1 9 10
1 13 14
1 1 15
2 9 9
1 14 15
2 7 9
2 14 15
2 11 14
1 14 15
1 8 15
1 8 14
1 10 14
2 2 6
2 2 4
1 4 6
1 2 13
2 3 15
2 6 15
2 6 12
2 10 10
1 14 15
2 8 10
2 1 4
2 4 8
1 1 2
2 8 9
1 10 10
1 8 10
1 3 3
2 1 10
2 10 10
2 13 14
2 7 9
1 8 15
1 2 12
2 12 12
1 10 13
2 11 14
1 9 10
2 2 4
2 9 13
1 12 13
2 8 9
1 1 9
1 1 4
1 10 14
2 13 13
2 15 15
2 4 7
2 15 15
2 3 3
2 1 3
2 9 13
1 13 15
2 7 7
2 2 7
2 13 13
1 4 13
1 4 13
2 8 10
1 12 13
2 2 8
2 7 13
1 2 12
1 10 15
2 8 14
2 4 10
1 14 14
1 6 6
